высота:350
ширина:350
итерация:5380
=клетки(x,y)=
2 0
8 8
8 16
12 8
14 4
14 6
14 8
15 5
15 7
16 6
18 8
19 11
20 0
20 8
20 11
21 11
22 4
24 8
32 4
34 12
36 16
38 12
51 55
51 56
52 55
52 56
61 55
61 56
61 57
62 54
62 58
63 53
63 59
64 53
64 59
65 56
66 54
66 58
67 55
67 56
67 57
68 56
71 53
71 54
71 55
72 53
72 54
72 55
73 52
73 56
75 51
75 52
75 56
75 57
85 53
85 54
86 53
86 54
100 22
100 23
100 24
100 28
100 29
100 30
102 20
102 25
102 27
102 32
103 20
103 25
103 27
103 32
104 20
104 25
104 27
104 32
105 22
105 23
105 24
105 28
105 29
105 30
107 22
107 23
107 24
107 28
107 29
107 30
108 20
108 25
108 27
108 32
109 20
109 25
109 27
109 32
110 20
110 25
110 27
110 32
112 22
112 23
112 24
112 28
112 29
112 30